1 
7 100 
7 79 
1 
7 101 
4 63 96 
1 
7 102 
2 0 70 
3 60 
2 83 33 
4 2 62 
4 64 76 
2 68 69 
1 
7 103 
2 65 90 
4 22 30 
2 47 46 
3 71 
1 
2 16 43 
4 6 12 
3 77 
3 4 
2 63 50 
4 74 9 
1 
1 
4 74 61 
2 4 97 
1 
1 
1 
4 8 16 
2 6 65 
2 22 60 
7 66 
2 46 91 
1 
7 110 
1 
7 111 
4 11 50 
4 6 17 
2 59 1 
1 
7 112 
4 52 17 
7 81 
2 40 82 
3 6 
3 26 
1 
4 0 51 
2 73 46 
2 77 15 
4 5 23 
2 1 92 
4 90 7 
4 72 78 
2 76 65 
2 22 12 
1 
7 114 
7 24 
2 84 88 
1 
7 115 
1 
7 116 
1 
4 58 75 
3 58 
3 58 
4 86 7 
2 17 56 
2 70 6 
1 
5 
