119
57 348970162
59 904628746
59 151216414
54 827923147
9 779027427
63 966913974
5 324061
67 750775567
60 567000339
66 577491994
61 646698317
57 242631788
57 916295379
60 445757339
64 325486941
55 310961851
61 843035544
62 571596109
55 590105092
56 57618155
58 998831654
60 569871491
59 540609944
57 894716303
115 741705391
56 123334902
4 46245
58 370219586
59 171146582
56 987204896
61 73990721
61 193464252
53 502760586
49 670224580
58 868429422
58 590885806
50 692369011
59 639093347
58 316988084
62 311709761
50 101485150
57 311208927
61 724985517
59 568086303
56 155796087
55 585666047
57 884327254
65 669651048
61 456980392
66 263800396
55 958279201
60 90571174
56 708349527
61 71987040
58 543669268
61 906898548
68 362129660
58 446319085
0 0
59 975808573
11 172403872
63 163030091
61 391353891
59 181866360
59 908990911
54 549949618
112 812680766
62 550162356
60 130106806
61 213184089
60 866883959
9 779027427
63 168175852
58 669094134
60 740917586
63 6720811
56 880791139
9 779027427
63 240519968
102 286295804
49 691985115
112 537428557
59 513323992
60 276744031
55 749212252
56 279824598
67 446332417
52 895135424
63 962383228
64 809662549
55 542836459
64 553844606
55 928283868
61 763555983
63 753194056
63 879551898
61 237303716
58 356385159
63 71321478
67 541688992
102 369699998
102 365271636
102 334273102
103 146953048
9 779027427
9 779027427
9 779027427
9 779027427
9 779027427
9 779027427
112 72135571
112 768313074
112 641555560
4 46245
115 116813321
115 703290440
115 808630245
0 0
0 0
